20 20
71 39 13 17 68 77 08 64 55 67 63 53 26 99 06 69 25 54 49 21
93 43 15 67 68 25 29 62 10 75 64 05 07 59 38 52 14 86 76 73
55 07 40 70 86 41 51 85 90 79 97 42 75 22 82 64 36 23 04 90
55 91 56 97 36 45 89 49 73 99 46 69 78 79 10 23 82 28 81 43
57 50 43 35 96 03 45 85 77 88 13 04 88 04 90 84 55 62 66 41
58 19 58 19 50 27 96 88 13 90 96 85 44 39 94 17 18 26 93 70
69 02 21 09 08 93 30 15 85 74 98 53 59 06 74 65 34 94 26 78
10 71 19 44 66 29 66 23 58 78 13 67 24 03 62 63 42 36 58 58
63 10 74 41 63 42 18 62 75 92 97 52 26 51 92 07 14 92 19 42
14 35 88 46 93 92 02 34 82 06 61 41 67 94 10 77 89 58 57 12
60 70 97 09 79 31 99 80 71 76 56 69 84 92 69 53 16 04 05 01
56 12 73 72 99 94 67 05 96 23 47 59 82 56 84 43 42 61 41 68
24 07 42 80 64 67 95 47 65 71 65 69 43 32 45 96 78 46 21 35
18 43 72 04 13 59 77 22 21 39 82 39 87 09 46 37 73 28 84 88
18 20 68 19 35 76 94 25 35 88 24 06 16 77 36 74 07 54 97 03
56 27 01 63 38 52 21 27 36 67 16 05 42 44 31 95 34 05 82 53
49 83 39 48 01 99 83 82 33 51 32 41 15 84 32 78 93 93 29 15
83 36 99 75 56 03 71 37 48 27 43 01 83 76 03 12 79 17 26 62
19 71 04 73 04 45 41 37 57 99 39 06 54 84 46 31 37 02 23 67
95 37 78 73 79 58 12 59 46 23 90 98 49 79 61 12 41 16 91 56
