20 20
16 94 12 10 97 96 28 75 68 14 28 61 34 81 06 55 83 51 05 59
64 72 02 76 85 98 31 49 92 09 72 71 01 80 83 73 03 92 41 10
43 68 97 65 13 13 60 29 53 10 92 59 25 09 47 95 18 97 98 93
49 21 60 37 77 69 01 51 92 67 11 08 55 32 95 18 39 79 70 16
37 18 20 50 10 76 31 87 39 26 69 05 87 80 66 35 71 48 29 57
92 32 43 66 77 21 44 51 04 18 12 45 47 18 33 13 50 72 18 24
82 49 41 61 39 84 56 47 15 89 05 62 38 17 48 30 56 81 99 90
11 69 65 29 16 94 10 69 22 13 99 47 74 80 03 48 57 93 97 66
15 61 12 79 82 71 58 30 78 34 81 35 78 66 67 60 03 03 17 26
25 44 83 37 53 96 14 51 28 96 78 20 44 33 95 23 81 17 71 95
49 94 02 59 64 41 62 21 09 31 60 05 11 44 38 95 54 60 53 24
94 86 72 41 05 84 86 45 30 65 69 15 77 66 67 61 36 43 26 69
14 57 57 10 59 44 74 32 43 08 38 23 69 14 23 62 29 38 84 47
72 29 14 67 83 71 22 05 58 93 28 90 44 83 47 97 19 57 31 32
23 67 01 86 10 08 24 15 46 91 52 65 53 80 36 48 59 02 18 12
97 53 56 96 72 89 23 91 11 90 56 50 99 47 07 03 73 67 95 79
21 73 26 03 43 32 11 01 70 96 41 88 18 64 71 49 88 98 86 14
56 05 53 60 70 28 15 91 39 17 22 16 18 49 51 11 03 20 60 70
90 25 11 59 90 49 69 94 29 46 59 91 62 96 92 67 32 16 55 05
78 07 49 61 81 14 82 75 49 64 99 98 46 97 31 95 87 72 41 07
