20 20
73 24 11 28 77 12 18 28 14 56 49 02 20 64 51 88 11 43 15 50
22 71 11 17 91 36 27 02 41 97 26 25 90 92 95 22 72 53 63 29
87 88 52 50 91 45 35 53 95 23 92 23 28 11 57 54 93 71 49 29
81 46 56 50 40 12 61 20 67 19 09 94 34 76 04 40 48 75 91 76
38 42 28 19 04 07 08 59 90 93 18 82 17 88 43 18 84 46 32 82
38 59 94 75 61 32 70 75 82 23 87 82 59 86 08 70 49 47 54 03
15 77 54 88 71 31 21 04 60 36 91 52 05 04 77 05 02 24 39 25
35 49 13 39 90 48 46 84 91 25 33 12 35 29 50 92 68 58 65 44
02 26 16 82 18 85 10 50 20 56 08 09 61 94 75 82 05 32 65 43
70 33 88 35 71 03 76 95 13 67 67 70 05 41 26 89 64 04 78 43
64 15 98 36 65 41 37 36 48 11 30 84 49 42 49 61 87 88 03 83
40 11 93 02 45 87 14 95 13 49 36 48 80 66 52 43 87 95 21 79
35 12 66 93 11 57 57 28 83 32 84 48 49 29 04 30 52 67 23 07
59 92 08 85 03 23 82 79 51 60 20 61 99 56 34 54 31 21 20 57
42 65 68 88 37 90 09 57 93 76 68 24 48 18 62 02 55 69 04 33
80 67 68 92 64 62 07 78 84 14 30 41 31 81 92 32 53 56 48 22
86 58 12 14 87 67 52 21 31 10 48 40 17 16 05 32 36 28 49 85
44 84 35 17 20 67 48 47 33 34 64 69 10 45 64 37 57 86 47 40
89 69 55 67 07 08 21 90 63 09 78 73 13 81 76 03 30 87 98 76
46 73 69 09 84 51 76 60 68 82 68 98 88 30 80 51 14 49 34 44
