30 15
50 22 21 20 07 67 10 22 14 11 82 04 07 08 61
57 25 36 89 17 61 80 48 19 04 67 51 45 95 23
35 58 92 01 40 36 82 35 31 78 75 23 62 71 81
74 01 40 91 05 31 27 92 39 20 63 49 11 70 24
98 76 39 10 07 74 81 97 26 72 45 25 18 83 23
34 58 54 45 86 04 61 79 51 48 40 79 54 32 12
01 78 20 27 91 13 92 53 32 39 04 95 75 19 76
14 34 98 59 96 89 92 60 45 93 39 15 66 06 35
42 53 12 85 87 79 14 76 40 64 87 52 79 70 34
07 30 03 21 23 65 82 98 98 94 35 74 51 58 87
67 13 84 68 41 03 71 58 05 37 02 37 42 74 75
26 18 84 40 22 81 71 60 87 25 43 77 07 17 06
12 22 96 93 21 90 03 03 39 37 97 98 61 46 48
92 38 58 89 21 95 18 75 41 45 75 47 33 23 14
19 23 48 27 60 84 38 35 15 08 29 12 49 44 84
43 27 21 70 08 16 79 06 41 90 58 97 88 96 14
65 82 40 39 15 05 25 08 31 12 81 75 56 55 55
15 28 52 75 37 28 89 21 86 06 08 60 67 02 49
60 96 26 94 27 21 36 90 19 09 92 54 41 49 03
63 38 83 81 20 58 68 25 04 93 31 86 60 96 08
31 35 75 68 04 33 46 47 47 60 38 25 57 77 80
12 32 24 19 46 49 42 87 48 93 33 09 94 48 13
26 41 23 83 33 29 46 02 05 78 67 84 85 97 65
39 61 19 52 90 13 30 05 08 23 91 86 44 09 08
20 40 81 22 31 18 80 85 51 19 05 99 69 27 15
06 70 34 44 35 36 31 71 01 45 40 33 62 71 89
15 85 17 31 91 30 21 27 74 40 27 03 09 65 17
84 07 20 01 14 42 93 58 97 90 70 32 95 20 78
49 46 83 38 83 28 62 72 19 42 69 63 49 24 04
24 91 72 64 78 19 51 63 96 36 28 38 36 22 02
