12 17
92 41 30 88 70 67 98 78 64 52 75 17 38 30 59 89 27
49 43 76 68 62 56 94 89 94 98 89 32 65 71 70 51 27
69 49 90 32 41 62 61 48 09 33 57 63 95 07 42 61 04
37 75 75 39 36 19 35 72 77 49 04 09 35 02 26 81 88
81 89 45 99 07 84 41 89 60 35 53 26 99 28 87 48 95
47 94 77 17 97 93 52 97 34 46 05 60 31 92 11 95 05
52 22 27 61 27 54 14 50 67 53 11 57 94 65 34 88 92
15 86 59 16 99 19 24 81 63 69 85 13 26 15 72 58 81
62 03 67 65 86 26 84 45 89 74 48 84 67 78 39 74 64
11 12 76 80 51 23 19 09 82 97 27 10 39 73 71 04 58
42 64 27 93 71 40 45 02 46 49 88 79 66 81 10 91 24
13 15 16 83 64 10 96 97 63 73 76 47 53 77 38 85 28
